start_name
Bishop

start_moves
2 1 1
2 -1 1
1 2 1
-1 2 1
-2 1 1
-2 -1 1
1 -2 1
-1 -2 1
end_moves

start_image
0 0 0 0 1 0 1 0 0 0 0 0 0 0 0 0
0 0 0 0 0 1 1 1 1 0 0 0 0 0 0 0
0 0 0 1 1 1 1 1 1 1 0 0 0 0 0 0
0 0 1 1 0 1 1 1 1 1 1 0 0 0 0 0
0 1 1 1 1 1 1 1 1 1 1 1 0 0 0 0
0 1 1 1 1 1 1 1 1 1 1 1 0 0 0 0
1 1 1 1 1 1 0 0 1 1 1 1 1 0 0 0
1 1 1 1 0 0 0 0 1 1 1 1 1 0 0 0
0 1 1 0 0 0 0 1 1 1 1 1 1 0 0 0
0 0 0 0 0 0 1 1 1 1 1 1 1 0 0 0
0 0 0 0 1 1 1 1 1 1 1 1 1 0 0 0
0 0 0 1 1 1 1 1 1 1 1 1 1 1 0 0
0 0 0 1 1 1 1 1 1 1 1 1 1 1 0 0
0 0 1 1 1 1 1 1 1 1 1 1 1 1 0 0
0 0 1 1 1 1 1 1 1 1 1 1 1 1 1 0
0 0 1 1 1 1 1 1 1 1 1 1 1 1 1 0