Bishop

start_moves
1 1 9
1 -1 9
-1 1 9
-1 -1 9
end_moves

start_image
0 0 0 0 0 0 1 1 1 1 0 0 0 0 0 0
0 0 0 0 1 1 1 1 1 1 1 0 0 0 0 0
0 0 0 1 1 1 1 1 1 1 0 0 1 0 0 0
0 0 0 1 1 1 1 1 1 0 0 1 1 0 0 0
0 0 0 1 1 1 1 1 0 0 1 1 1 0 0 0
0 0 0 0 1 1 1 1 0 1 1 1 0 0 0 0
0 0 0 0 0 1 1 1 1 1 1 0 0 0 0 0
0 0 0 0 0 1 1 1 1 1 1 0 0 0 0 0
0 0 0 0 0 1 1 1 1 1 1 0 0 0 0 0
0 0 0 0 0 1 1 1 1 1 1 0 0 0 0 0
0 0 0 0 0 1 1 1 1 1 1 0 0 0 0 0
0 0 0 0 1 1 1 1 1 1 1 1 0 0 0 0
0 0 0 0 1 1 1 1 1 1 1 1 0 0 0 0
0 0 0 1 1 1 1 1 1 1 1 1 1 0 0 0
0 0 1 1 1 1 1 1 1 1 1 1 1 1 0 0
0 0 1 1 1 1 1 1 1 1 1 1 1 1 0 0
end_image
